Item <- 1:15
X1 <- c(4.80,4.75,4.34,5.10,4.47,4.02,4.43,6.45,5.36,6.62,5.71,6.45,5.83,5.40,4.22)
X2 <- c(4.62,4.73,4.84,4.98,4.05,4.35,4.84,5.47,5.02,5.99,5.13,6.05,6.02,5.06,3.83)
################################################

